 
 
                1000000000001                                                                                                                                                                        
             101                    101                                                                                                                                                                     
           101      0000000      101                                                                                                                                                                 
         101    0001      10001  101                                                                                                                                                               
       101    000              000    101                                                                                                                                                             
     101     001              10001    101                                                                                                                                                          
    101        10               000         101                                                                                                                                                        
  101              1         10001           101                                                                                                                                                      
    101                      0000            101                                                                                                                                                        
      101               100101          101                                                                                                                                                           
        101         100111            101                                                                                                                                                             
         100000000000000000001                                                                                                                                                               
 
